Fajo: 10000
Resto: 60
Usados: [94, 605, 755, 761, 695, 254, 297, 526, 145, 762, 516, 401, 54, 616, 213, 723, 173, 880, 896, 323, 371]
---------------------------------------------
Fajo: 10000
Resto: 389
Usados: [496, 449, 620, 956, 968, 909, 320, 44, 670, 791, 784, 960, 91, 509, 901, 921]
---------------------------------------------
Fajo: 10000
Resto: 182
Usados: [353, 105, 252, 524, 910, 173, 751, 620, 852, 662, 671, 837, 155, 405, 955, 329, 665, 963]
---------------------------------------------
No usados: [665, 963, 9, 658, 593, 60, 389, 182]
Suma de no usados: 3519